13							
2001	1 2 3 4 8 13 14 15 18 19 20 22 26 31 32 33 37 41 42 43 44 47 48 49 50 52 56 57 58 59 60 61 62 67 73 81 82 86 87 88 89 90 92 93 97 98 99 103 104 107 111 112 121 125 126 143 144 147 150 153 154 155 159 160 161 162 167 168 169 170 172 173 179 181 182 183 185 187 188 189 193 202 204 205 211 212 214 216 217 220 222 223								
2002	21 34 40 50 52 55 58 60 63 86 91 93 125 145 168 181 183 202 220								
2003	3 6 7 10 11 23 24 30 45 63 67 73 81 82 91 99 113 119 120 122 124 142 151 153 172 176 180 185 189 190 192 195 201 216								
2004	4 13 14 16 19 21 26 37 40 42 43 47 49 52 59 60 62 77 81 82 86 88 89 97 99 103 111 112 116 117 121 125 126 143 153 173 181 183 188 203 212 216								
2005	19 127 128 129 130 131 132 133								
2006	139								
2007	2 14 15 20 22 31 33 48 50 56 61 77 86 98 104 126 150 153 154 155 160 161 162 168 169 170 172 179 183 186 188 189 212 216 222 223								
2008	3 17 22 45 49 69 71 72 73 74 85 98 107 108 109 110 119 120 153 174 189 190 195 200 204 216 217								
2009	19 21 40 41 42 52 89 90 118 137 164 168 181 184 202 222								
2010	1 3 4 14 19 22 43 44 46 50 51 52 57 58 59 60 61 62 86 88 92 99 172 183 185 188 202 204 214 217								
2011	1 3 4 8 16 21 41 42 43 44 50 52 54 57 58 60 62 89 92 103 117 172 174 176 181 183 185 187 202 203 204 216								
2012	48 64 65 96 98 138 157 158 163 168 172 175 221								
2013	169 183 60 164 89